99
15219 39343 3
15238 39343 3
15211 39343 3
15241 39343 3
15223 39343 3
15229 39343 3
15208 39343 3
15250 39343 3
15220 39343 3
15235 39343 3
15203 39343 3
8691 39343 3
15228 39343 3
15227 39343 3
15214 39343 3
15225 39343 3
15221 39343 3
15204 39343 3
15194 39343 3
15237 39343 3
15248 39343 3
15244 39343 3
15196 39343 3
15198 39343 3
15217 39343 3
15236 39343 3
15197 39343 3
15207 39343 3
15233 39343 3
15230 39343 3
15242 39343 3
15234 39343 3
15246 39343 3
15195 39343 3
15209 39343 3
15251 39343 3
8692 39343 3
15215 39343 3
15216 39343 3
15205 39343 3
15202 39343 3
15245 39343 3
15213 39343 3
15212 39343 3
15206 39343 3
15243 39343 3
15231 39343 3
15222 39343 3
15232 39343 3
15210 39343 3
15201 39343 3
15193 39343 3
15218 39343 3
15199 39343 3
15247 39343 3
15239 39343 3
15224 39343 3
15226 39343 3
15240 39343 3
15200 39343 3
15249 39343 3
15275 39343 3
15139 39343 3
15152 39343 3
15182 39343 3
15183 39343 3
15190 39343 3
15170 39343 3
15173 39343 3
15270 39343 3
15135 39343 3
15134 39343 3
15163 39343 3
15132 39343 3
15185 39343 3
15138 39343 3
15280 39343 3
15155 39343 3
15184 39343 3
15271 39343 3
15277 39343 3
15151 39343 3
15162 39343 3
15256 39343 3
15187 39343 3
15290 39343 3
15143 39343 3
15265 39343 3
15293 39343 3
15158 39343 3
15266 39343 3
15276 39343 3
15136 39343 3
15146 39343 3
15282 39343 3
15149 39343 3
15130 39343 3
15263 39343 3
15264 39343 3
